a	(13,6),(10,5),(1,3)
and	(15,6),(14,1),(13,11),(11,1),(10,10),(8,6),(8,1),(5,1),(4,1),(3,7),(3,1),(2,1)
arrows	(14,8),(11,6)
asphalt	(9,6)
before	(2,2)
begins	(2,5)
bends	(8,7)
black	(7,10)
blows	(7,9)
bright	(4,7)
burns	(4,5)
chalk-white	(14,7),(11,5)
children	(15,8),(15,3)
cool	(6,2)
crimson	(4,6)
dark	(8,3)
ends	(16,6),(12,7),(1,8)
flight	(5,8)
flowers	(9,7)
for	(15,1)
from	(5,6)
go	(14,9),(14,4),(11,7)
grass	(3,4)
grow	(9,8)
grows	(3,5)
his	(5,7)
in	(6,3)
is	(13,9),(10,8),(1,2)
know	(15,10)
leave	(7,3)
let	(7,1)
mark	(15,5)
measured	(13,10),(10,9)
moon-bird	(5,4)
past	(9,1)
peppermint	(6,5)
pits	(9,3)
place	(16,2),(12,3),(7,5),(1,4)
rests	(5,5)
shall	(10,2)
sidewalk	(16,5),(12,6),(1,7)
slow	(13,12),(10,11)
smoke	(7,8)
soft	(3,6)
street	(8,4),(2,4)
sun	(4,4)
that	(13,8),(10,7)
the	(16,4),(16,1),(15,7),(15,2),(14,6),(12,5),(12,2),(11,4),(9,5),(9,2),(8,2),(7,7),(6,4),(5,3),(4,3),(3,3),(2,3),(1,6)
there	(5,2),(4,2),(3,2),(1,1)
they	(15,9),(15,4)
this	(7,4)
to	(12,1),(6,1)
us	(7,2)
walk	(13,7),(13,4),(10,6),(10,3)
watch	(11,2)
we	(14,2),(13,2),(10,1)
where	(16,3),(14,5),(12,4),(11,3),(9,4),(7,6),(1,5)
white	(3,8)
will	(14,3),(13,3)
wind	(6,6)
winds	(8,5)
with	(13,5),(10,4)
yes	(13,1)
a	(13,6),(10,5),(1,3)
and	(15,6),(14,1),(13,11),(11,1),(10,10),(8,6),(8,1),(5,1),(4,1),(3,7),(3,1),(2,1)
arrows	(14,8),(11,6)
asphalt	(9,6)
before	(2,2)
begins	(2,5)
bends	(8,7)
black	(7,10)
blows	(7,9)
bright	(4,7)
burns	(4,5)
chalk-white	(14,7),(11,5)
children	(15,8),(15,3)
cool	(6,2)
crimson	(4,6)
dark	(8,3)
ends	(16,6),(12,7),(1,8)
flight	(5,8)
flowers	(9,7)
for	(15,1)
from	(5,6)
go	(14,9),(14,4),(11,7)
grass	(3,4)
grow	(9,8)
grows	(3,5)
his	(5,7)
in	(6,3)
is	(13,9),(10,8),(1,2)
know	(15,10)
leave	(7,3)
let	(7,1)
mark	(15,5)
measured	(13,10),(10,9)
moon-bird	(5,4)
past	(9,1)
peppermint	(6,5)
pits	(9,3)
place	(16,2),(12,3),(7,5),(1,4)
rests	(5,5)
shall	(10,2)
sidewalk	(16,5),(12,6),(1,7)
slow	(13,12),(10,11)
smoke	(7,8)
soft	(3,6)
street	(8,4),(2,4)
sun	(4,4)
that	(13,8),(10,7)
the	(16,4),(16,1),(15,7),(15,2),(14,6),(12,5),(12,2),(11,4),(9,5),(9,2),(8,2),(7,7),(6,4),(5,3),(4,3),(3,3),(2,3),(1,6)
there	(5,2),(4,2),(3,2),(1,1)
they	(15,9),(15,4)
this	(7,4)
to	(12,1),(6,1)
us	(7,2)
walk	(13,7),(13,4),(10,6),(10,3)
watch	(11,2)
we	(14,2),(13,2),(10,1)
where	(16,3),(14,5),(12,4),(11,3),(9,4),(7,6),(1,5)
white	(3,8)
will	(14,3),(13,3)
wind	(6,6)
winds	(8,5)
with	(13,5),(10,4)
yes	(13,1)
a	(13,6),(10,5),(1,3)
and	(15,6),(14,1),(13,11),(11,1),(10,10),(8,6),(8,1),(5,1),(4,1),(3,7),(3,1),(2,1)
arrows	(14,8),(11,6)
asphalt	(9,6)
before	(2,2)
begins	(2,5)
bends	(8,7)
black	(7,10)
blows	(7,9)
bright	(4,7)
burns	(4,5)
chalk-white	(14,7),(11,5)
children	(15,8),(15,3)
cool	(6,2)
crimson	(4,6)
dark	(8,3)
ends	(16,6),(12,7),(1,8)
flight	(5,8)
flowers	(9,7)
for	(15,1)
from	(5,6)
go	(14,9),(14,4),(11,7)
grass	(3,4)
grow	(9,8)
grows	(3,5)
his	(5,7)
in	(6,3)
is	(13,9),(10,8),(1,2)
know	(15,10)
leave	(7,3)
let	(7,1)
mark	(15,5)
measured	(13,10),(10,9)
moon-bird	(5,4)
past	(9,1)
peppermint	(6,5)
pits	(9,3)
place	(16,2),(12,3),(7,5),(1,4)
rests	(5,5)
shall	(10,2)
sidewalk	(16,5),(12,6),(1,7)
slow	(13,12),(10,11)
smoke	(7,8)
soft	(3,6)
street	(8,4),(2,4)
sun	(4,4)
that	(13,8),(10,7)
the	(16,4),(16,1),(15,7),(15,2),(14,6),(12,5),(12,2),(11,4),(9,5),(9,2),(8,2),(7,7),(6,4),(5,3),(4,3),(3,3),(2,3),(1,6)
there	(5,2),(4,2),(3,2),(1,1)
they	(15,9),(15,4)
this	(7,4)
to	(12,1),(6,1)
us	(7,2)
walk	(13,7),(13,4),(10,6),(10,3)
watch	(11,2)
we	(14,2),(13,2),(10,1)
where	(16,3),(14,5),(12,4),(11,3),(9,4),(7,6),(1,5)
white	(3,8)
will	(14,3),(13,3)
wind	(6,6)
winds	(8,5)
with	(13,5),(10,4)
yes	(13,1)
a	(13,6),(10,5),(1,3)
and	(15,6),(14,1),(13,11),(11,1),(10,10),(8,6),(8,1),(5,1),(4,1),(3,7),(3,1),(2,1)
arrows	(14,8),(11,6)
asphalt	(9,6)
before	(2,2)
begins	(2,5)
bends	(8,7)
black	(7,10)
blows	(7,9)
bright	(4,7)
burns	(4,5)
chalk-white	(14,7),(11,5)
children	(15,8),(15,3)
cool	(6,2)
crimson	(4,6)
dark	(8,3)
ends	(16,6),(12,7),(1,8)
flight	(5,8)
flowers	(9,7)
for	(15,1)
from	(5,6)
go	(14,9),(14,4),(11,7)
grass	(3,4)
grow	(9,8)
grows	(3,5)
his	(5,7)
in	(6,3)
is	(13,9),(10,8),(1,2)
know	(15,10)
leave	(7,3)
let	(7,1)
mark	(15,5)
measured	(13,10),(10,9)
moon-bird	(5,4)
past	(9,1)
peppermint	(6,5)
pits	(9,3)
place	(16,2),(12,3),(7,5),(1,4)
rests	(5,5)
shall	(10,2)
sidewalk	(16,5),(12,6),(1,7)
slow	(13,12),(10,11)
smoke	(7,8)
soft	(3,6)
street	(8,4),(2,4)
sun	(4,4)
that	(13,8),(10,7)
the	(16,4),(16,1),(15,7),(15,2),(14,6),(12,5),(12,2),(11,4),(9,5),(9,2),(8,2),(7,7),(6,4),(5,3),(4,3),(3,3),(2,3),(1,6)
there	(5,2),(4,2),(3,2),(1,1)
they	(15,9),(15,4)
this	(7,4)
to	(12,1),(6,1)
us	(7,2)
walk	(13,7),(13,4),(10,6),(10,3)
watch	(11,2)
we	(14,2),(13,2),(10,1)
where	(16,3),(14,5),(12,4),(11,3),(9,4),(7,6),(1,5)
white	(3,8)
will	(14,3),(13,3)
wind	(6,6)
winds	(8,5)
with	(13,5),(10,4)
yes	(13,1)
a	(13,6),(10,5),(1,3)
and	(15,6),(14,1),(13,11),(11,1),(10,10),(8,6),(8,1),(5,1),(4,1),(3,7),(3,1),(2,1)
arrows	(14,8),(11,6)
asphalt	(9,6)
before	(2,2)
begins	(2,5)
bends	(8,7)
black	(7,10)
blows	(7,9)
bright	(4,7)
burns	(4,5)
chalk-white	(14,7),(11,5)
children	(15,8),(15,3)
cool	(6,2)
crimson	(4,6)
dark	(8,3)
ends	(16,6),(12,7),(1,8)
flight	(5,8)
flowers	(9,7)
for	(15,1)
from	(5,6)
go	(14,9),(14,4),(11,7)
grass	(3,4)
grow	(9,8)
grows	(3,5)
his	(5,7)
in	(6,3)
is	(13,9),(10,8),(1,2)
know	(15,10)
leave	(7,3)
let	(7,1)
mark	(15,5)
measured	(13,10),(10,9)
moon-bird	(5,4)
past	(9,1)
peppermint	(6,5)
pits	(9,3)
place	(16,2),(12,3),(7,5),(1,4)
rests	(5,5)
shall	(10,2)
sidewalk	(16,5),(12,6),(1,7)
slow	(13,12),(10,11)
smoke	(7,8)
soft	(3,6)
street	(8,4),(2,4)
sun	(4,4)
that	(13,8),(10,7)
the	(16,4),(16,1),(15,7),(15,2),(14,6),(12,5),(12,2),(11,4),(9,5),(9,2),(8,2),(7,7),(6,4),(5,3),(4,3),(3,3),(2,3),(1,6)
there	(5,2),(4,2),(3,2),(1,1)
they	(15,9),(15,4)
this	(7,4)
to	(12,1),(6,1)
us	(7,2)
walk	(13,7),(13,4),(10,6),(10,3)
watch	(11,2)
we	(14,2),(13,2),(10,1)
where	(16,3),(14,5),(12,4),(11,3),(9,4),(7,6),(1,5)
white	(3,8)
will	(14,3),(13,3)
wind	(6,6)
winds	(8,5)
with	(13,5),(10,4)
yes	(13,1)
a	(13,6),(10,5),(1,3)
and	(15,6),(14,1),(13,11),(11,1),(10,10),(8,6),(8,1),(5,1),(4,1),(3,7),(3,1),(2,1)
arrows	(14,8),(11,6)
asphalt	(9,6)
before	(2,2)
begins	(2,5)
bends	(8,7)
black	(7,10)
blows	(7,9)
bright	(4,7)
burns	(4,5)
chalk-white	(14,7),(11,5)
children	(15,8),(15,3)
cool	(6,2)
crimson	(4,6)
dark	(8,3)
ends	(16,6),(12,7),(1,8)
flight	(5,8)
flowers	(9,7)
for	(15,1)
from	(5,6)
go	(14,9),(14,4),(11,7)
grass	(3,4)
grow	(9,8)
grows	(3,5)
his	(5,7)
in	(6,3)
is	(13,9),(10,8),(1,2)
know	(15,10)
leave	(7,3)
let	(7,1)
mark	(15,5)
measured	(13,10),(10,9)
moon-bird	(5,4)
past	(9,1)
peppermint	(6,5)
pits	(9,3)
place	(16,2),(12,3),(7,5),(1,4)
rests	(5,5)
shall	(10,2)
sidewalk	(16,5),(12,6),(1,7)
slow	(13,12),(10,11)
smoke	(7,8)
soft	(3,6)
street	(8,4),(2,4)
sun	(4,4)
that	(13,8),(10,7)
the	(16,4),(16,1),(15,7),(15,2),(14,6),(12,5),(12,2),(11,4),(9,5),(9,2),(8,2),(7,7),(6,4),(5,3),(4,3),(3,3),(2,3),(1,6)
there	(5,2),(4,2),(3,2),(1,1)
they	(15,9),(15,4)
this	(7,4)
to	(12,1),(6,1)
us	(7,2)
walk	(13,7),(13,4),(10,6),(10,3)
watch	(11,2)
we	(14,2),(13,2),(10,1)
where	(16,3),(14,5),(12,4),(11,3),(9,4),(7,6),(1,5)
white	(3,8)
will	(14,3),(13,3)
wind	(6,6)
winds	(8,5)
with	(13,5),(10,4)
yes	(13,1)
a	(13,6),(10,5),(1,3)
and	(15,6),(14,1),(13,11),(11,1),(10,10),(8,6),(8,1),(5,1),(4,1),(3,7),(3,1),(2,1)
arrows	(14,8),(11,6)
asphalt	(9,6)
before	(2,2)
begins	(2,5)
bends	(8,7)
black	(7,10)
blows	(7,9)
bright	(4,7)
burns	(4,5)
chalk-white	(14,7),(11,5)
children	(15,8),(15,3)
cool	(6,2)
crimson	(4,6)
dark	(8,3)
ends	(16,6),(12,7),(1,8)
flight	(5,8)
flowers	(9,7)
for	(15,1)
from	(5,6)
go	(14,9),(14,4),(11,7)
grass	(3,4)
grow	(9,8)
grows	(3,5)
his	(5,7)
in	(6,3)
is	(13,9),(10,8),(1,2)
know	(15,10)
leave	(7,3)
let	(7,1)
mark	(15,5)
measured	(13,10),(10,9)
moon-bird	(5,4)
past	(9,1)
peppermint	(6,5)
pits	(9,3)
place	(16,2),(12,3),(7,5),(1,4)
rests	(5,5)
shall	(10,2)
sidewalk	(16,5),(12,6),(1,7)
slow	(13,12),(10,11)
smoke	(7,8)
soft	(3,6)
street	(8,4),(2,4)
sun	(4,4)
that	(13,8),(10,7)
the	(16,4),(16,1),(15,7),(15,2),(14,6),(12,5),(12,2),(11,4),(9,5),(9,2),(8,2),(7,7),(6,4),(5,3),(4,3),(3,3),(2,3),(1,6)
there	(5,2),(4,2),(3,2),(1,1)
they	(15,9),(15,4)
this	(7,4)
to	(12,1),(6,1)
us	(7,2)
walk	(13,7),(13,4),(10,6),(10,3)
watch	(11,2)
we	(14,2),(13,2),(10,1)
where	(16,3),(14,5),(12,4),(11,3),(9,4),(7,6),(1,5)
white	(3,8)
will	(14,3),(13,3)
wind	(6,6)
winds	(8,5)
with	(13,5),(10,4)
yes	(13,1)
a	(13,6),(10,5),(1,3)
and	(15,6),(14,1),(13,11),(11,1),(10,10),(8,6),(8,1),(5,1),(4,1),(3,7),(3,1),(2,1)
arrows	(14,8),(11,6)
asphalt	(9,6)
before	(2,2)
begins	(2,5)
bends	(8,7)
black	(7,10)
blows	(7,9)
bright	(4,7)
burns	(4,5)
chalk-white	(14,7),(11,5)
children	(15,8),(15,3)
cool	(6,2)
crimson	(4,6)
dark	(8,3)
ends	(16,6),(12,7),(1,8)
flight	(5,8)
flowers	(9,7)
for	(15,1)
from	(5,6)
go	(14,9),(14,4),(11,7)
grass	(3,4)
grow	(9,8)
grows	(3,5)
his	(5,7)
in	(6,3)
is	(13,9),(10,8),(1,2)
know	(15,10)
leave	(7,3)
let	(7,1)
mark	(15,5)
measured	(13,10),(10,9)
moon-bird	(5,4)
past	(9,1)
peppermint	(6,5)
pits	(9,3)
place	(16,2),(12,3),(7,5),(1,4)
rests	(5,5)
shall	(10,2)
sidewalk	(16,5),(12,6),(1,7)
slow	(13,12),(10,11)
smoke	(7,8)
soft	(3,6)
street	(8,4),(2,4)
sun	(4,4)
that	(13,8),(10,7)
the	(16,4),(16,1),(15,7),(15,2),(14,6),(12,5),(12,2),(11,4),(9,5),(9,2),(8,2),(7,7),(6,4),(5,3),(4,3),(3,3),(2,3),(1,6)
there	(5,2),(4,2),(3,2),(1,1)
they	(15,9),(15,4)
this	(7,4)
to	(12,1),(6,1)
us	(7,2)
walk	(13,7),(13,4),(10,6),(10,3)
watch	(11,2)
we	(14,2),(13,2),(10,1)
where	(16,3),(14,5),(12,4),(11,3),(9,4),(7,6),(1,5)
white	(3,8)
will	(14,3),(13,3)
wind	(6,6)
winds	(8,5)
with	(13,5),(10,4)
yes	(13,1)
a	(13,6),(10,5),(1,3)
and	(15,6),(14,1),(13,11),(11,1),(10,10),(8,6),(8,1),(5,1),(4,1),(3,7),(3,1),(2,1)
arrows	(14,8),(11,6)
asphalt	(9,6)
before	(2,2)
begins	(2,5)
bends	(8,7)
black	(7,10)
blows	(7,9)
bright	(4,7)
burns	(4,5)
chalk-white	(14,7),(11,5)
children	(15,8),(15,3)
cool	(6,2)
crimson	(4,6)
dark	(8,3)
ends	(16,6),(12,7),(1,8)
flight	(5,8)
flowers	(9,7)
for	(15,1)
from	(5,6)
go	(14,9),(14,4),(11,7)
grass	(3,4)
grow	(9,8)
grows	(3,5)
his	(5,7)
in	(6,3)
is	(13,9),(10,8),(1,2)
know	(15,10)
leave	(7,3)
let	(7,1)
mark	(15,5)
measured	(13,10),(10,9)
moon-bird	(5,4)
past	(9,1)
peppermint	(6,5)
pits	(9,3)
place	(16,2),(12,3),(7,5),(1,4)
rests	(5,5)
shall	(10,2)
sidewalk	(16,5),(12,6),(1,7)
slow	(13,12),(10,11)
smoke	(7,8)
soft	(3,6)
street	(8,4),(2,4)
sun	(4,4)
that	(13,8),(10,7)
the	(16,4),(16,1),(15,7),(15,2),(14,6),(12,5),(12,2),(11,4),(9,5),(9,2),(8,2),(7,7),(6,4),(5,3),(4,3),(3,3),(2,3),(1,6)
there	(5,2),(4,2),(3,2),(1,1)
they	(15,9),(15,4)
this	(7,4)
to	(12,1),(6,1)
us	(7,2)
walk	(13,7),(13,4),(10,6),(10,3)
watch	(11,2)
we	(14,2),(13,2),(10,1)
where	(16,3),(14,5),(12,4),(11,3),(9,4),(7,6),(1,5)
white	(3,8)
will	(14,3),(13,3)
wind	(6,6)
winds	(8,5)
with	(13,5),(10,4)
yes	(13,1)